VITE_LON = 18.054501
VITE_LAT = 59.330502